314798,adshi,123-4-12
